000001
000002
000003
000004
000005
000006
000007
000008
000009
000011
000013
000014
000015
000016
000017
000018
000019
000021
000022
000023
000024
000025
000026
000027
000028
000029
000030
000031
000033
000034
000035
000037
000038
000040
000041
000042
000043
000044
000045
000046
000047
000048
000049
000050
000051
000052
000055
000056
000057
000058
000059
000060
000061
000062
000063
000064
000066
000067
000068
000070
000071
000072
000073
000074
000075
000076
000077
000078
000079
000080
000081
000082
000083
000084
000085
000086
000088
000090
000091
000092
000093
000094
000095
000097
000098
000102
000103
000104
000105
000106
000107
000108
000109
000110
000111
000112
000113
000114
000115
000116
000117
000118
000119
000120
000121
000122
000123
000124
000125
000128
000129
000132
000134
000135
000136
000137
000138
000139
000140
000141
000142
000143
000144
000145
000147
000148
000151
000152
000153
000154
000155
000156
000157
000158
000159
000161
000162
000163
000164
000165
000166
000167
000168
000169
000170
000171
000172
000173
000175
000176
000177
000178
000179
000180
000181
000185
000186
000187
000188
000189
000191
000193
000194
000195
000196
000197
000198
000199
000200
000202
000203
000204
000205
000206
000207
000209
000211
000212
000213
000215
000217
000218
000220
000221
000222
000223
000224
000225
000226
000227
000228
000229
000231
000232
000233
000235
000236
000237
000238
000239
000240
000241
000243
000244
000245
000247
000249
000252
000253
000254
000255
000256
000257
000258
000259
000260
000261
000262
000263
000264
000265
000267
000268
000269
000270
000271
000272
000273
000274
000275
000276
000277
000279
000282
000283
000286
000288
000289
000291
000293
000294
000295
000296
000297
000298
000299
000300
000301
000302
000303
000305
000306
000307
000308
000309
000310
000311
000312
000313
000314
000315
000316
000318
000320
000321
000323
000324
000325
000326
000327
000330
000332
000334
000335
000337
000338
000339
000340
000341
000342
000344
000345
000347
000348
000349
000350
000351
000352
000353
000354
000356
000357
000358
000359
000360
000361
000362
000363
000366
000367
000368
000369
000370
000371
000372
000373
000374
000375
000376
000377
000378
000380
000381
000382
000383
000384
000385
000387
000388
000389
000390
000391
000392
000396
000397
000398
000399
000400
000401
000402
000404
000405
000408
000409
000411
000412
000413
000414
000415
000416
000417
000418
000419
000420
000421
000422
000423
000424
000425
000427
000428
000429
000430
000431
000432
000434
000435
000438
000439
000441
000442
000444
000445
000446
000447
000448
000449
000451
000452
000453
000454
000455
000456
000457
000458
000459
000460
000461
000463
000464
000465
000466
000467
000468
000469
000470
000472
000473
000475
000476
000477
000478
000481
000482
000484
000485
000486
000487
000488
000489
000490
000491
000492
000493
000495
000496
000497
000498
000499
000502
000504
000505
000506
000507
000508
000509
000510
000513
000516
000518
000519
000520
000521
000523
000524
000525
000526
000527
000528
000529
000530
000531
000533
000534
000535
000536
000537
000538
000540
000541
000542
000543
000546
000547
000548
000549
000550
000551
000552
000553
000554
000557
000558
000559
000560
000563
000564
000565
000566
000567
000568
000569
000570
000571
000572
000573
000574
000575
000576
000577
000578
000579
000581
000582
000584
000586
000587
000588
000589
000590
000591
000592
000593
000595
000596
000598
000599
000600
000601
000602
000603
000605
000606
000607
000608
000609
000610
000611
000612
000613
000614
000615
000616
000617
000619
000620
000621
000622
000623
000624
000625
000626
000627
000628
000629
000630
000631
000632
000633
000634
000635
000636
000638
000639
000640
000642
000643
000644
000645
000647
000648
000649
000650
000651
000652
000653
000654
000655
000656
000657
000658
000659
000660
000661
000662
000663
000664
000665
000666
000669
000671
000672
000674
000675
000676
000677
000679
000680
000681
000682
000683
000684
000685
000686
000687
000688
000689
000690
000691
000692
000694
000696
000697
000698
000699
000700
000702
000703
000705
000706
000708
000709
000710
000711
000712
000713
000715
000716
000717
000718
000720
000721
000722
000723
000724
000725
000726
000728
000729
000730
000731
000732
000733
000734
000735
000736
000739
000740
000741
000742
000743
000744
000745
000746
000747
000748
000749
000750
000751
000752
000753
000754
000755
000756
000758
000760
000761
000762
000763
000764
000765
000767
000768
000771
000772
000773
000774
000776
000777
000778
000779
000781
000782
000783
000784
000786
000787
000788
000789
000790
000791
000792
000793
000794
000795
000797
000798
000799
000801
000804
000805
000808
000809
000810
000811
000812
000813
000814
000816
000819
000820
000821
000822
000824
000825
000826
000827
000828
000830
000832
000833
000835
000837
000838
000839
000840
000841
000842
000843
000844
000845
000846
000847
000848
000849
000850
000851
000852
000853
000854
000855
000856
000857
000858
000860
000861
000863
000864
000865
000866
000867
000868
000871
000872
000874
000875
000876
000877
000878
000879
000880
000881
000882
000883
000885
000889
000890
000891
000893
000894
000895
000896
000897
000898
000899
000900
000902
000903
000905
000906
000907
000908
000909
000911
000913
000915
000916
000918
000919
000920
000922
000923
000925
000927
000928
000930
000931
000932
000933
000934
000935
000936
000937
000938
000939
000940
000941
000942
000944
000945
000946
000947
000949
000950
000951
000952
000953
000954
000955
000956
000958
000959
000960
000961
000962
000963
000965
000966
000968
000969
000971
000973
000974
000975
000976
000977
000978
000980
000981
000982
000985
000987
000988
000989
000990
000991
000994
000996
000997
000998
000999
001000
001001
001002
001003
001005
001006
001007
001008
001009
001010
001011
001013
001015
001016
001017
001018
001019
001020
001022
001023
001024
001028
001029
001030
001031
001032
001033
001034
001035
001036
001037
001038
001039
001042
001043
001044
001045
001046
001048
001050
001051
001052
001053
001054
001056
001058
001059
001060
001061
001062
001063
001064
001065
001066
001069
001070
001071
001072
001073
001074
001076
001077
001078
001080
001081
001082
001083
001084
001086
001087
001088
001089
001090
001093
001094
001095
001096
001097
001098
001099
001100
001101
001104
001105
001107
001108
001109
001111
001112
001114
001115
001116
001117
001118
001119
001121
001123
001124
001125
001127
001128
001129
001130
001131
001132
001133
001134
001136
001137
001139
001140
001141
001142
001143
001144
001145
001146
001147
001148
001150
001151
001152
001153
001155
001156
001157
001158
001159
001160
001161
001163
001164
001165
001166
001167
001168
001169
001171
001173
001175
001178
001179
001180
001181
001182
001183
001184
001185
001186
001187
001188
001189
001190
001191
001192
001193
001194
001195
001196
001197
001198
001199
001200
001201
001202
001203
001204
001205
001206
001208
001209
001210
001212
001213
001214
001216
001217
001218
001220
001221
001222
001223
001226
001227
001228
001229
001230
001232
001233
001235
001236
001237
001239
001240
001241
001243
001244
001246
001248
001249
001250
001251
001252
001253
001254
001255
001256
001257
001260
001261
001262
001263
001265
001266
001267
001269
001270
001271
001272
001273
001274
001275
001276
001277
001278
001279
001280
001283
001284
001285
001286
001287
001288
001290
001291
001292
001293
001295
001296
001297
001298
001299
001301
001302
001303
001305
001307
001308
001309
001311
001312
001313
001317
001319
001320
001321
001322
001323
001324
001325
001327
001329
001330
001332
001333
001336
001338
001339
001340
001341
001342
001343
001344
001347
001348
001350
001351
001352
001353
001354
001356
001357
001358
001360
001361
001362
001363
001364
001366
001367
001368
001369
001370
001371
001372
001373
001375
001376
001378
001380
001381
001383
001384
001386
001388
001389
001390
001391
001392
001393
001394
001396
001397
001398
001399
001400
001401
001402
001404
001405
001406
001407
001408
001409
001410
001412
001413
001414
001415
001416
001417
001418
001419
001420
001421
001422
001423
001424
001426
001427
001428
001430
001432
001433
001434
001436
001437
001438
001439
001440
001441
001442
001444
001445
001446
001447
001448
001450
001453
001454
001455
001457
001459
001462
001463
001465
001466
001468
001470
001471
001472
001473
001474
001476
001477
001478
001479
001481
001482
001483
001484
001485
001486
001487
001488
001489
001490
001491
001492
001493
001497
001498
001499
001501
001502
001503
001504
001505
001506
001507
001508
001509
001510
001511
001512
001514
001515
001516
001517
001518
001519
001520
001521
001522
001523
001525
001526
001527
001529
001530
001531
001534
001535
001539
001540
001543
001544
001545
001547
001548
001549
001550
001551
001552
001553
001554
001555
001556
001557
001558
001559
001560
001562
001563
001564
001565
001566
001567
001568
001569
001570
001571
001573
001574
001575
001576
001578
001579
001580
001581
001583
001584
001585
001586
001588
001589
001590
001592
001593
001594
001596
001597
001598
001599
001600
001603
001606
001608
001609
001610
001611
001612
001613
001616
001617
001619
001622
001623
001624
001625
001626
001627
001629
001630
001631
001633
001634
001637
001638
001639
001640
001642
001644
001646
001647
001648
001649
001651
001652
001653
001654
001655
001656
001657
001658
001659
001662
001663
001664
001665
001666
001667
001668
001669
001670
001672
001673
001674
001675
001676
001677
001678
001679
001680
001681
001682
001683
001684
001685
001686
001687
001690
001691
001692
001694
001695
001696
001697
001698
001699
001701
001702
001706
001707
001708
001710
001712
001713
001714
001715
001717
001718
001719
001720
001721
001723
001724
001725
001726
001727
001728
001730
001732
001733
001734
001736
001737
001738
001739
001740
001741
001743
001744
001745
001746
001747
001748
001750
001751
001752
001755
001756
001757
001758
001759
001760
001761
001762
001763
001764
001765
001766
001768
001769
001771
001772
001773
001774
001777
001778
001779
001780
001781
001782
001783
001785
001786
001787
001788
001789
001790
001791
001792
001793
001794
001795
001796
001797
001798
001799
001802
001804
001805
001806
001807
001808
001809
001810
001812
001813
001814
001816
001817
001819
001820
001821
001822
001825
001826
001828
001829
001831
001833
001834
001835
001837
001839
001840
001841
001842
001844
001846
001847
001848
001849
001850
001851
001852
001853
001854
001855
001858
001860
001861
001862
001863
001864
001865
001866
001867
001869
001870
001871
001873
001874
001875
001877
001878
001879
001880
001882
001883
001884
001885
001886
001887
001888
001889
001890
001891
001892
001893
001894
001895
001896
001897
001898
001899
001900
001901
001902
001903
001904
001905
001908
001910
001914
001915
001916
001917
001918
001919
001920
001922
001923
001925
001926
001927
001928
001929
001930
001931
001933
001934
001935
001936
001937
001938
001941
001942
001943
001944
001945
001946
001947
001948
001949
001951
001952
001954
001955
001956
001957
001958
001959
001960
001961
001962
001963
001964
001965
001966
001968
001969
001970
001971
001972
001974
001975
001976
001977
001978
001979
001980
001981
001982
001983
001984
001987
001989
001990
001991
001992
001993
001994
001995
001996
001997
001998
002000
002001
002002
002003
002005
002006
002007
002008
002009
002010
002011
002012
002013
002014
002015
002016
002017
002018
002019
002020
002021
002022
002024
002025
002026
002027
002030
002031
002032
002034
002035
002036
002037
002038
002039
002040
002041
002042
002044
002045
002047
002048
002049
002050
002053
002055
002056
002057
002058
002059
002060
002061
002062
002066
002067
002068
002069
002071
002073
002074
002075
002076
002077
002078
002079
002081
002083
002084
002086
002087
002088
002089
002092
002093
002094
002095
002096
002097
002098
002099
002100
002101
002102
002103
002105
002106
002107
002108
002109
002110
002111
002112
002113
002114
002116
002119
002120
002121
002122
002123
002125
002126
002127
002128
002130
002131
002132
002134
002135
002137
002138
002139
002140
002141
002142
002143
002145
002146
002147
002148
002149
002150
002151
002152
002153
002154
002157
002158
002159
002160
002161
002162
002164
002165
002166
002168
002169
002172
002173
002174
002175
002176
002177
002178
002179
002180
002181
002182
002183
002184
002185
002186
002187
002188
002191
002192
002194
002198
002199
002200
002202
002204
002205
002206
002207
002208
002209
002210
002211
002212
002213
002214
002215
002217
002218
002219
002222
002224
002225
002226
002227
002229
002230
002231
002232
002234
002235
002236
002237
002238
002239
002240
002242
002243
002244
002246
002248
002249
002250
002251
002252
002253
002254
002255
002256
002259
002260
002261
002262
002264
002265
002266
002267
002269
002270
002271
002272
002273
002274
002275
002276
002278
002279
002280
002281
002282
002283
002284
002285
002286
002287
002288
002289
002291
002292
002294
002296
002297
002298
002299
002301
002302
002303
002304
002306
002307
002308
002309
002310
002312
002313
002314
002316
002317
002318
002320
002321
002322
002325
002326
002328
002329
002330
002332
002333
002334
002335
002336
002337
002339
002340
002341
002342
002343
002344
002345
002346
002347
002348
002349
002350
002351
002352
002353
002354
002355
002356
002357
002358
002359
002361
002363
002364
002365
002367
002368
002369
002370
002372
002373
002375
002377
002378
002379
002380
002381
002382
002383
002384
002385
002386
002387
002388
002389
002390
002391
002392
002393
002395
002396
002397
002398
002399
002400
002402
002403
002404
002405
002407
002408
002409
002410
002411
002412
002414
002417
002418
002419
002420
002422
002423
002424
002425
002426
002427
002428
002429
002430
002431
002433
002434
002435
002437
002438
002439
002441
002442
002443
002444
002445
002446
002447
002448
002449
002450
002452
002453
002454
002455
002456
002457
002458
002459
002460
002461
002462
002463
002464
002465
002466
002467
002468
002471
002472
002473
002474
002475
002476
002477
002478
002479
002480
002481
002483
002484
002485
002487
002488
002489
002490
002491
002493
002494
002495
002496
002497
002498
002499
002500
002501
002502
002503
002504
002505
002506
002508
002510
002511
002513
002514
002515
002516
002517
002518
002519
002520
002521
002522
002523
002524
002525
002526
002527
002529
002530
002531
002533
002534
002535
002536
002537
002538
002539
002540
002541
002542
002543
002544
002545
002546
002547
002548
002549
002550
002551
002552
002553
002555
002556
002557
002558
002559
002561
002562
002563
002566
002567
002569
002570
002571
002572
002573
002574
002575
002576
002577
002578
002580
002582
002583
002584
002586
002587
002588
002589
002590
002591
002593
002594
002595
002596
002597
002598
002599
002600
002601
002602
002603
002604
002605
002606
002607
002608
002609
002610
002611
002612
002613
002614
002615
002617
002618
002619
002621
002623
002624
002625
002626
002628
002630
002632
002633
002635
002636
002637
002638
002639
002641
002643
002644
002646
002648
002649
002650
002651
002653
002654
002655
002656
002657
002658
002661
002662
002663
002664
002665
002666
002667
002668
002670
002671
002672
002673
002674
002675
002676
002677
002678
002679
002680
002681
002682
002683
002684
002686
002687
002688
002689
002690
002692
002693
002694
002695
002696
002697
002698
002699
002700
002701
002702
002703
002705
002707
002708
002709
002710
002711
002712
002713
002714
002715
002716
002718
002719
002720
002722
002723
002724
002725
002726
002727
002728
002730
002731
002732
002734
002735
002737
002738
002739
002740
002741
002742
002743
002744
002746
002747
002748
002749
002750
002751
002752
002753
002754
002756
002757
002758
002759
002760
002761
002762
002763
002765
002766
002767
002768
002769
002770
002771
002772
002773
002777
002778
002779
002780
002781
002782
002783
002784
002785
002786
002787
002790
002792
002794
002795
002797
002798
002799
002800
002802
002803
002806
002808
002809
002810
002812
002813
002815
002816
002817
002818
002819
002820
002823
002824
002826
002827
002828
002830
002831
002832
002833
002834
002835
002836
002838
002841
002842
002845
002848
002849
002851
002852
002853
002854
002856
002857
002859
002860
002861
002862
002863
002864
002865
002866
002867
002868
002870
002871
002872
002873
002877
002881
002882
002883
002884
002887
002888
002890
002892
002893
002894
002895
002896
002897
002898
002900
002901
002902
002903
002904
002907
002910
002911
002912
002914
002916
002917
002918
002919
002921
002922
002923
002924
002927
002928
002930
002931
002932
002933
002934
002935
002936
002937
002938
002939
002940
002941
002942
002944
002945
002946
002948
002949
002950
002952
002953
002954
002955
002956
002957
002958
002959
002960
002961
002963
002964
002965
002966
002968
002969
002970
002971
002972
002973
002974
002975
002978
002979
002980
002981
002982
002983
002987
002989
002990
002991
002992
002993
002994
002995
002998
002999
003000
003001
003002
003003
003004
003005
003006
003007
003008
003009
003010
003011
003012
003013
003014
003015
003016
003019
003020
003021
003022
003024
003025
003026
003027
003028
003029
003030
003031
003034
003035
003036
003037
003038
003039
003040
003041
003045
003046
003048
003049
003050
003051
003053
003055
003056
003059
003060
003061
003062
003063
003064
003065
003066
003067
003068
003070
003071
003072
003073
003074
003078
003079
003080
003081
003082
003083
003084
003087
003088
003090
003091
003093
003096
003098
003099
003101
003102
003103
003106
003108
003109
003110
003111
003112
003113
003114
003115
003116
003118
003119
003120
003121
003122
003123
003124
003126
003127
003128
003129
003130
003131
003132
003134
003135
003136
003137
003138
003139
003140
003141
003143
003144
003145
003147
003148
003149
003150
003151
003152
003153
003154
003156
003157
003158
003159
003160
003162
003163
003164
003166
003167
003168
003170
003171
003172
003173
003175
003177
003178
003181
003182
003183
003184
003186
003187
003188
003189
003190
003192
003193
003194
003195
003196
003197
003198
003199
003200
003201
003202
003204
003205
003206
003207
003208
003209
003211
003212
003213
003215
003216
003217
003218
003219
003220
003221
003222
003223
003224
003225
003226
003227
003228
003229
003230
003231
003234
003235
003236
003237
003238
003239
003240
003241
003242
003243
003244
003245
003247
003251
003252
003254
003255
003256
003258
003259
003260
003261
003262
003263
003265
003266
003267
003268
003269
003270
003271
003272
003273
003274
003275
003276
003277
003278
003279
003280
003281
003282
003284
003285
003287
003288
003289
003290
003291
003292
003293
003294
003295
003296
003297
003298
003299
003300
003301
003302
003304
003305
003307
003308
003309
003311
003312
003314
003316
003318
003319
003320
003321
003322
003323
003325
003328
003329
003330
003331
003332
003333
003335
003336
003337
003338
003339
003341
003342
003343
003344
003346
003347
003348
003349
003350
003351
003352
003353
003354
003355
003356
003357
003358
003360
003361
003362
003363
003364
003365
003366
003367
003368
003370
003371
003372
003373
003374
003375
003376
003378
003379
003380
003382
003383
003384
003386
003387
003388
003389
003390
003391
003392
003394
003395
003396
003397
003398
003399
003400
003401
003403
003404
003405
003407
003408
003409
003410
003411
003415
003416
003417
003419
003420
003421
003422
003424
003427
003428
003429
003430
003431
003432
003433
003434
003435
003436
003437
003438
003441
003443
003444
003445
003446
003448
003449
003450
003451
003452
003453
003455
003456
003457
003460
003461
003462
003465
003466
003467
003468
003469
003472
003473
003474
003476
003479
003480
003481
003482
003483
003484
003485
003489
003490
003491
003492
003493
003494
003495
003496
003497
003498
003499
003500
003501
003503
003504
003505
003506
003508
003509
003510
003511
003513
003514
003515
003516
003517
003518
003519
003520
003522
003523
003524
003525
003526
003528
003529
003530
003531
003532
003533
003534
003535
003536
003537
003538
003539
003540
003541
003542
003543
003544
003545
003546
003547
003550
003551
003552
003553
003554
003555
003556
003558
003559
003560
003561
003562
003563
003565
003566
003567
003568
003569
003570
003571
003572
003573
003574
003575
003576
003577
003578
003579
003580
003581
003583
003584
003585
003586
003588
003589
003590
003592
003593
003594
003595
003596
003598
003600
003601
003603
003604
003605
003606
003607
003609
003610
003611
003613
003615
003616
003617
003618
003619
003622
003624
003625
003627
003628
003630
003631
003632
003633
003635
003636
003637
003638
003639
003640
003641
003642
003643
003644
003646
003647
003648
003651
003652
003653
003654
003656
003657
003658
003659
003660
003661
003662
003663
003664
003666
003667
003668
003669
003670
003671
003672
003673
003674
003675
003677
003679
003680
003681
003683
003685
003686
003688
003691
003692
003693
003694
003695
003696
003697
003698
003699
003700
003701
003707
003708
003709
003710
003711
003713
003714
003715
003716
003717
003718
003719
003720
003721
003722
003724
003725
003726
003727
003728
003729
003730
003731
003732
003733
003734
003735
003736
003737
003739
003740
003741
003744
003745
003746
003747
003748
003749
003750
003752
003753
003754
003756
003757
003758
003759
003760
003761
003762
003763
003764
003765
003768
003769
003770
003771
003772
003773
003774
003775
003777
003778
003780
003781
003782
003783
003784
003785
003787
003788
003789
003790
003791
003792
003795
003796
003797
003798
003799
003800
003802
003803
003804
003805
003806
003808
003810
003811
003812
003813
003815
003816
003817
003818
003819
003820
003822
003823
003825
003826
003827
003828
003829
003830
003831
003833
003834
003837
003838
003839
003840
003842
003843
003845
003846
003847
003849
003850
003853
003854
003855
003856
003857
003858
003861
003862
003863
003864
003865
003866
003868
003869
003870
003871
003872
003873
003874
003875
003876
003878
003879
003881
003882
003884
003888
003889
003892
003894
003895
003896
003897
003898
003899
003900
003902
003903
003906
003907
003908
003909
003910
003911
003912
003914
003915
003916
003918
003919
003920
003921
003922
003923
003924
003925
003928
003929
003930
003931
003932
003934
003935
003936
003937
003938
003939
003940
003941
003943
003944
003945
003946
003947
003948
003949
003950
003952
003953
003954
003955
003956
003958
003959
003960
003961
003962
003963
003964
003965
003966
003967
003968
003969
003970
003971
003972
003974
003975
003976
003978
003979
003981
003982
003983
003984
003986
003987
003989
003990
003992
003993
003994
003995
003996
003997
004001
004002
004003
004004
004005
004006
004007
004008
004009
004010
004011
004012
004013
004014
004015
004016
004017
004018
004019
004020
004021
004022
004023
004025
004026
004027
004029
004030
004031
004033
004034
004035
004036
004037
004038
004040
004041
004042
004043
004045
004046
004047
004049
004050
004054
004055
004056
004057
004058
004059
004060
004061
004063
004065
004066
004067
004068
004069
004070
004071
004072
004073
004074
004075
004076
004079
004080
004081
004082
004083
004084
004085
004086
004087
004088
004089
004091
004092
004094
004095
004097
004098
004099
004100
004101
004102
004103
004104
004105
004106
004107
004108
004109
004110
004112
004113
004114
004115
004116
004117
004118
004120
004121
004122
004126
004127
004128
004129
004130
004131
004132
004133
004134
004136
004137
004139
004140
004141
004143
004146
004148
004149
004150
004152
004153
004154
004155
004156
004157
004158
004159
004160
004161
004162
004163
004164
004165
004166
004167
004169
004170
004172
004173
004175
004176
004177
004178
004179
004180
004181
004182
004183
004185
004186
004188
004189
004192
004194
004195
004196
004197
004198
004199
004201
004202
004203
004204
004206
004207
004208
004209
004211
004212
004213
004215
004216
004217
004218
004219
004220
004221
004222
004223
004225
004226
004227
004229
004230
004231
004232
004234
004235
004237
004238
004240
004241
004242
004243
004244
004246
004247
004248
004250
004252
004253
004254
004255
004256
004257
004258
004259
004260
004261
004262
004263
004266
004267
004268
004269
004270
004271
004274
004278
004279
004280
004281
004283
004284
004285
004286
004287
004288
004289
004290
004293
004295
004296
004298
004299
004300
004301
004303
004304
004307
004308
004309
004310
004311
004312
004313
004315
004316
004317
004318
004319
004320
004321
004322
004323
004325
004326
004327
004328
004330
004331
004332
004334
004335
004336
004337
004339
004341
004342
004343
004344
004345
004346
004347
004349
004350
004351
004352
004353
004355
004356
004357
004358
004359
004361
004362
004363
004365
004367
004368
004369
004370
004371
004372
004374
004376
004377
004378
004380
004381
004382
004383
004385
004386
004387
004388
004389
004391
004392
004393
004394
004395
004397
004398
004399
004400
004402
004403
004404
004405
004406
004407
004409
004410
004411
004412
004413
004416
004417
004418
004421
004422
004425
004426
004427
004428
004429
004430
004432
004433
004434
004435
004437
004438
004440
004442
004443
004444
004445
004446
004447
004448
004449
004452
004453
004455
004457
004458
004459
004460
004461
004462
004463
004464
004465
004466
004467
004468
004469
004470
004471
004472
004473
004475
004476
004477
004478
004479
004480
004481
004482
004483
004484
004485
004487
004488
004490
004492
004493
004494
004495
004496
004497
004498
004499
004500
004501
004502
004503
004505
004506
004507
004508
004509
004510
004511
004512
004513
004514
004515
004516
004517
004518
004519
004520
004521
004522
004523
004524
004525
004526
004527
004528
004529
004532
004533
004534
004535
004536
004537
004539
004540
004541
004545
004547
004548
004549
004550
004551
004552
004555
004556
004557
004558
004559
004560
004561
004562
004563
004564
004565
004566
004567
004568
004569
004570
004571
004572
004573
004574
004576
004577
004578
004579
004581
004584
004585
004587
004589
004590
004591
004592
004593
004594
004595
004596
004597
004598
004599
004601
004602
004604
004606
004607
004608
004610
004611
004612
004613
004614
004615
004616
004618
004619
004620
004621
004622
004623
004625
004626
004627
004628
004629
004630
004632
004633
004634
004636
004637
004638
004639
004640
004641
004642
004643
004648
004650
004651
004652
004653
004654
004656
004657
004659
004660
004661
004662
004663
004664
004667
004668
004669
004671
004672
004673
004674
004675
004676
004677
004678
004679
004680
004682
004685
004686
004687
004691
004692
004693
004694
004695
004696
004697
004699
004700
004701
004702
004703
004704
004705
004708
004710
004711
004712
004713
004715
004716
004717
004718
004719
004720
004721
004722
004723
004724
004726
004727
004728
004732
004733
004734
004735
004736
004737
004739
004740
004742
004744
004745
004746
004747
004748
004749
004750
004752
004754
004756
004757
004758
004759
004760
004761
004762
004766
004772
004773
004774
004775
004776
004777
004778
004779
004780
004782
004783
004785
004786
004787
004788
004789
004790
004791
004792
004793
004794
004795
004796
004798
004799
004800
004802
004803
004804
004805
004808
004809
004811
004812
004813
004814
004815
004816
004817
004818
004819
004820
004822
004823
004825
004826
004827
004828
004829
004830
004831
004832
004833
004835
004837
004839
004841
004842
004843
004844
004845
004849
004850
004851
004854
004855
004856
004859
004861
004862
004863
004864
004865
004866
004867
004868
004869
004870
004871
004872
004873
004874
004875
004876
004878
004879
004881
004882
004885
004886
004887
004888
004889
004890
004893
004894
004895
004898
004899
004900
004901
004902
004904
004905
004906
004907
004908
004909
004910
004911
004913
004914
004915
004916
004917
004920
004921
004922
004923
004924
004925
004926
004927
004928
004929
004930
004931
004932
004933
004934
004935
004937
004938
004939
004941
004942
004943
004945
004946
004947
004948
004950
004951
004952
004953
004954
004955
004956
004958
004960
004961
004962
004963
004964
004965
004966
004967
004968
004969
004970
004971
004972
004973
004974
004975
004976
004977
004979
004980
004981
004982
004983
004984
004985
004986
004987
004988
004989
004990
004992
004993
004994
004995
004996
004997
004998
004999
005000
005001
005002
005003
005005
005006
005007
005008
005009
005010
005011
005014
005015
005017
005018
005019
005020
005021
005022
005023
005024
005025
005026
005027
005028
005029
005030
005031
005032
005034
005035
005036
005037
005038
005039
005040
005041
005044
005045
005046
005047
005048
005049
005051
005054
005056
005057
005058
005059
005060
005061
005062
005063
005065
005066
005067
005068
005070
005071
005073
005074
005076
005077
005078
005079
005080
005081
005082
005083
005085
005086
005088
005089
005090
005092
005093
005094
005095
005096
005097
005098
005100
005101
005102
005103
005104
005105
005106
005107
005108
005109
005110
005111
005112
005113
005114
005115
005116
005117
005118
005119
005120
005122
005124
005126
005127
005128
005129
005130
005131
005132
005133
005135
005136
005137
005138
005140
005141
005142
005144
005146
005147
005148
005149
005150
005151
005153
005154
005155
005156
005158
005159
005160
005161
005162
005165
005167
005168
005169
005171
005172
005173
005174
005175
005177
005178
005179
005180
005181
005182
005184
005185
005186
005187
005188
005190
005191
005192
005193
005194
005195
005196
005197
005198
005200
005201
005202
005204
005205
005207
005210
005211
005212
005213
005214
005216
005217
005218
005219
005220
005221
005222
005224
005225
005226
005228
005229
005230
005231
005232
005233
005234
005235
005236
005237
005238
005239
005240
005241
005243
005245
005246
005248
005249
005251
005254
005255
005256
005257
005258
005259
005260
005261
005263
005264
005265
005266
005267
005268
005270
005271
005273
005274
005275
005276
005279
005280
005281
005282
005287
005288
005289
005290
005291
005292
005293
005294
005295
005296
005298
005299
005300
005301
005303
005305
005306
005308
005309
005311
005312
005313
005314
005315
005317
005319
005320
005321
005322
005323
005326
005327
005329
005330
005331
005332
005334
005335
005336
005337
005338
005339
005340
005341
005342
005344
005345
005346
005347
005348
005349
005351
005352
005353
005354
005355
005356
005357
005358
005359
005360
005361
005362
005363
005364
005365
005366
005369
005370
005371
005372
005374
005375
005376
005377
005378
005379
005380
005381
005382
005383
005385
005387
005388
005389
005390
005391
005392
005394
005395
005396
005397
005398
005399
005401
005402
005403
005404
005405
005406
005407
005408
005409
005411
005412
005413
005414
005416
005417
005421
005425
005426
005427
005428
005429
005430
005431
005432
005433
005435
005436
005438
005439
005440
005441
005442
005443
005444
005446
005449
005450
005451
005452
005453
005455
005456
005457
005458
005459
005460
005461
005462
005463
005464
005465
005466
005467
005468
005469
005470
005472
005473
005474
005475
005476
005477
005478
005479
005480
005481
005482
005483
005484
005485
005486
005487
005489
005491
005492
005493
005494
005496
005497
005498
005499
005500
005501
005503
005504
005505
005506
005507
005510
005512
005513
005515
005516
005518
005519
005521
005522
005523
005524
005525
005526
005527
005529
005530
005533
005534
005535
005536
005537
005538
005539
005540
005542
